400 400 0 0 0
SET_COLOR 0 0 255
DRAW_LINE 150 150 250 150
DRAW_LINE 150 250 250 250
DRAW_LINE 150 150 150 250
DRAW_LINE 250 150 250 250
DRAW_LINE 130 130 270 130
DRAW_LINE 130 270 270 270
DRAW_LINE 130 130 130 270
DRAW_LINE 270 130 270 270
DRAW_LINE 090 090 310 090
DRAW_LINE 090 310 310 310
DRAW_LINE 090 090 090 310
DRAW_LINE 310 090 310 310
DRAW_LINE 010 010 390 010
DRAW_LINE 010 390 390 390
DRAW_LINE 010 010 010 390
DRAW_LINE 390 010 390 390
DRAW_LINE 143 143 257 143
DRAW_LINE 143 257 257 257
DRAW_LINE 143 143 143 257
DRAW_LINE 257 143 257 257
DRAW_LINE 117 117 283 117
DRAW_LINE 117 283 283 283
DRAW_LINE 117 117 117 283
DRAW_LINE 283 117 283 283
DRAW_LINE 063 063 337 063
DRAW_LINE 063 337 337 337
DRAW_LINE 063 063 063 337
DRAW_LINE 337 063 337 337
SET_COLOR 128 0 255
DRAW_LINE 010 010 150 150
DRAW_LINE 390 010 250 150
DRAW_LINE 010 390 150 250
DRAW_LINE 390 390 250 250
DRAW_LINE 137 010 183 150
DRAW_LINE 263 010 217 150
DRAW_LINE 137 390 183 250
DRAW_LINE 263 390 217 250
DRAW_LINE 010 137 150 183
DRAW_LINE 010 263 150 217
DRAW_LINE 390 137 250 183
DRAW_LINE 390 263 250 217
